%YAML:1.0
---
cameraMatrix: !!opencv-matrix
   rows: 3
   cols: 3
   dt: d
   data: [ 5.0249748459511903e+02, 0., 3.1950000000000000e+02, 0.,
       5.0249748459511903e+02, 2.3950000000000000e+02, 0., 0., 1. ]
distCoeffs: !!opencv-matrix
   rows: 1
   cols: 5
   dt: d
   data: [ 4.0941307769709978e-01, -3.3468067818224756e+00,
       -4.1753246995143677e-02, -2.1911465627963363e-02,
       9.3148237171169352e+00 ]
