%YAML:1.0
---
cameraMatrix: !!opencv-matrix
   rows: 3
   cols: 3
   dt: d
   data: [ 5.2761623729762107e+02, 0., 3.1950000000000000e+02, 0.,
       5.2761623729762107e+02, 2.3950000000000000e+02, 0., 0., 1. ]
distCoeffs: !!opencv-matrix
   rows: 1
   cols: 5
   dt: d
   data: [ 8.5978251897411331e-02, -2.4630838013493031e-01,
       -3.4808701579883616e-04, 1.3552696926872066e-02,
       2.4314427347631937e-02 ]
