%YAML:1.0
---
cameraMatrix: !!opencv-matrix
   rows: 3
   cols: 3
   dt: d
   data: [ 5.2284523050775817e+02, 0., 3.1950000000000000e+02, 0.,
       5.2284523050775817e+02, 2.3950000000000000e+02, 0., 0., 1. ]
distCoeffs: !!opencv-matrix
   rows: 1
   cols: 5
   dt: d
   data: [ 1.0009720261934592e-01, -8.8866702035728745e-02,
       8.1398434208995436e-04, -1.4224882175971824e-03,
       -3.1701389160228205e-01 ]
