%YAML:1.0
---
cameraMatrix: !!opencv-matrix
   rows: 3
   cols: 3
   dt: d
   data: [ 1395.6312890312768, 0., 959.5, 0., 1395.6312890312768, 539.5,
       0., 0., 1. ]
distCoeffs: !!opencv-matrix
   rows: 1
   cols: 5
   dt: d
   data: [ -0.34661775861368771, 0.14432153532974096,
       -0.0024180993331482459, -0.0015925708790435903,
       -0.039296657876187226 ]
